date,doses_administered,new_doses_administered,at_least_one_dose_percent,fully_vaccinated_percent
2020-12-15,1584,1128,4.1355075289481694e-05,0.0
2020-12-16,9564,8237,0.0002451929386681,0.0
2020-12-17,35200,25718,0.00090002846067,0.0
2020-12-18,79047,43856,0.002021315514396,2.5543591902088758e-08
2020-12-19,104273,25311,0.0026656526201262,5.1087183804177515e-08
2020-12-20,123233,18960,0.0031499335789979,7.663077570626627e-08
2020-12-21,172790,49580,0.0044168191065658,1.0217436760835503e-07
2020-12-22,222721,49931,0.0056921851066452,1.277179595104438e-07
2020-12-23,272928,50207,0.0069745500509058,1.277179595104438e-07
2020-12-24,296900,23972,0.0075868044052069,1.5326155141253257e-07
2020-12-25,299220,2320,0.0076460399948279,1.788051433146213e-07
2020-12-26,313763,14543,0.0080174693646762,2.0434873521671006e-07
2020-12-27,323104,9341,0.0082560465130417,2.298923271187988e-07
2020-12-28,368651,45547,0.0094194038626304,3.065231028250651e-07
2020-12-29,419525,50874,0.0107188063826897,3.831538785313314e-07
2020-12-30,482277,62752,0.0123215135129943,4.597846542375976e-07
2020-12-31,511362,29085,0.0130642445347313,5.875026137480414e-07
2021-01-01,515044,3682,0.0131582194093391,6.130462056501302e-07
2021-01-02,533385,18341,0.0136266888848234,6.130462056501302e-07
2021-01-03,539475,6090,0.0137815341389339,9.195693084751952e-07
2021-01-04,582636,43161,0.0148820542524435,2.017943760265012e-06
2021-01-05,638725,56089,0.0161762458797547,0.0001409239965238
2021-01-06,711527,72802,0.0176451045884924,0.0005275773471457
2021-01-07,802977,91450,0.0192045919612988,0.0013009606791652
2021-01-08,909036,106059,0.0208647466297912,0.0023479158804561
2021-01-09,952520,43484,0.0215654839864412,0.0027579416176685
2021-01-10,976673,24153,0.0218966566554518,0.0030436977802771
2021-01-11,1080497,103824,0.0234372928574344,0.0041565043614916
2021-01-12,1192701,112204,0.0252633786989228,0.0051982997572183
2021-01-13,1310830,118129,0.0274261801688646,0.006052273121689
2021-01-14,1433488,122658,0.0300651908226369,0.0065465416249944
2021-01-15,1574624,141136,0.0332921638748116,0.0069255574416376
2021-01-16,1654927,80303,0.0351529379141031,0.0071163936167381
2021-01-17,1702888,47961,0.0362869712201882,0.0072082994604018
2021-01-18,1790376,87488,0.0380377800963412,0.0076934744449901
2021-01-19,1930967,140591,0.0408456083489945,0.0084819795834156
2021-01-20,2088544,157577,0.0440337040542942,0.0093202180952746
2021-01-21,2260074,171530,0.0479432274256846,0.0097946136840802
2021-01-22,2428295,168221,0.051883275389398,0.0101514065757686
2021-01-23,2539011,110716,0.0543961773299497,0.0104673552640055
2021-01-24,2599534,60523,0.0558264652149153,0.0105831443660977
2021-01-25,2742749,143215,0.0586121982605733,0.0114610265325886
2021-01-26,2909216,166467,0.0619286249715891,0.0123991915759686
2021-01-27,3086820,177604,0.0654822494770077,0.0133761573354477
2021-01-28,3272308,185488,0.0693669700206612,0.0142264779662764
2021-01-29,3454049,181741,0.0731398096317835,0.0150849980901056
2021-01-30,3576480,122431,0.0758911865463331,0.0154601568243716
2021-01-31,3645188,68708,0.0775201269455213,0.0155861633632246
2021-02-01,3802164,156976,0.080565766038783,0.0165499997164661
2021-02-02,3985814,183650,0.0841011268759916,0.0177024499523126
2021-02-03,4194215,208401,0.0880681999599374,0.0190522755227866
2021-02-04,4419878,225663,0.0923053198974721,0.0205740094667616
2021-02-05,4664165,244287,0.0965686731038902,0.0225447742127835
2021-02-06,4818148,153983,0.0996335465218542,0.0234210726765765
2021-02-07,4883724,65576,0.1009035483676342,0.0238351853884932
2021-02-08,5062436,178712,0.1039363645777611,0.0253744933236969
2021-02-09,5270998,208562,0.1071598637014371,0.0274990049493774
2021-02-10,5517071,246073,0.1106990305338391,0.0302622340905697
2021-02-11,5777358,260287,0.1143900029329152,0.03323990168578
2021-02-12,6046902,269544,0.1181754355348452,0.0363802564178146
2021-02-13,6212037,165135,0.1205552298179952,0.0382584000995995
2021-02-14,6306311,94274,0.1218978265519609,0.0393596354336824
2021-02-15,6446926,140615,0.1239718640400429,0.0409483191320328
2021-02-16,6692441,245515,0.1274201723160492,0.0438426635304585
2021-02-17,6947310,254869,0.1307649268704844,0.0470794708655154
2021-02-18,7215376,268066,0.1342058275048391,0.050577001643117
2021-02-19,7464546,249170,0.1375773261999958,0.0536155651614219
2021-02-20,7614526,149980,0.1397497831476765,0.055319654807986
2021-02-21,7684665,70139,0.1406773220568252,0.0562125821501073
2021-02-22,7846587,161922,0.1428255892229746,0.0582378058340644
2021-02-23,8065938,219351,0.1456094320428319,0.0611965456276752
2021-02-24,8345242,279304,0.1492529699917458,0.0648667766301269
2021-02-25,8658612,313370,0.1536937234439239,0.0686339711074388
2021-02-26,9006204,347592,0.1588599404497133,0.0725101856349889
2021-02-27,9251091,244887,0.1625213844565506,0.0752038595754317
2021-02-28,9379531,128440,0.1645434918222957,0.0765300317798044
2021-03-01,9613491,233960,0.1681206164322642,0.0790189993747439
2021-03-02,9877666,264175,0.1723969713269604,0.0816618671108935
2021-03-03,10197567,319901,0.1772713527952684,0.0851330113580603
2021-03-04,10531447,333880,0.1824982102882333,0.0886004262408093
2021-03-05,10855163,323716,0.1878670390649901,0.0916966671896291
2021-03-06,11100647,245484,0.1921158579676159,0.0940268302737133
2021-03-07,11223411,122764,0.1943060421680767,0.0951675560008768
2021-03-08,11432458,209047,0.1981773012387978,0.097013003885027
2021-03-09,11690413,257955,0.2023032554643745,0.0999712328067998
2021-03-10,11997196,306783,0.2072979472505414,0.1035013572076685
2021-03-11,12360397,363201,0.2130478864184773,0.1079155708678604
2021-03-12,12741518,381121,0.2190645517730547,0.1128715385687036
2021-03-13,13013200,271682,0.2237031403445146,0.1160486505294854
2021-03-14,13162350,149150,0.2261914438060646,0.1177979267901243
2021-03-15,13446978,284628,0.2308145785044237,0.1210364710894306
2021-03-16,13809509,362531,0.2368061345081614,0.1248077780850388
2021-03-17,14183750,374241,0.2432780377576179,0.1284024766862359
2021-03-18,14571124,387374,0.2497825090867496,0.132276085767412
2021-03-19,14969238,398114,0.2563574807295311,0.1364458217095089
2021-03-20,15254821,285583,0.2614945524969602,0.1390151749881643
2021-03-21,15395340,140519,0.2640625519652447,0.1402559549648083
2021-03-22,15661304,265964,0.2689672025899567,0.1424851697736955
2021-03-23,16008810,347506,0.2751309734902983,0.1455128517218501
2021-03-24,16385671,376861,0.2812694562346569,0.1493321551266423
2021-03-25,16787251,401580,0.2876629917441578,0.1535709609412425
2021-03-26,17206968,419717,0.2941342308602249,0.1582736128411928
2021-03-27,17508451,301483,0.2984354652134338,0.1619975364738226
2021-03-28,17673240,164789,0.3008893614566917,0.1638849013922841
2021-03-29,17973284,300044,0.3056286684110215,0.1670722052462348
2021-03-30,18360745,387461,0.3122488777550616,0.1707978402995221
2021-03-31,18772448,411703,0.3189401238281813,0.1751486803082048
2021-04-01,19238243,465795,0.3266874186213091,0.1802574753193983
2021-04-02,19686111,447868,0.3341366963277153,0.1852939053347332
2021-04-03,20000047,313936,0.3392702175358699,0.1891711160623674
2021-04-04,20126997,126950,0.3411703031630987,0.1909637908856479
2021-04-05,20462807,335810,0.346522298712792,0.1951962618894564
2021-04-06,20896951,434144,0.3536049492446274,0.20079079384426
2021-04-07,21315340,418389,0.360406594721948,0.2062170446156126
2021-04-08,21601063,285723,0.3650622719563903,0.2100703465412265
